84
105
112
111
32
100
101
32
68
111
99
117
109
101
110
116
111
124
84
111
116
97
108
32
68
111
99
117
109
101
110
116
111
115
124
86
97
108
111
114
32
102
97
99
116
117
114
97
100
111
32
108
97
32
101
120
112
111
114
116
97
99
105
195
179
110
124
66
97
115
101
32
105
109
112
111
110
105
98
108
101
32
100
101
32
108
97
32
111
112
101
114
97
99
105
195
179
110
32
103
114
97
118
97
100
97
124
68
115
99
116
111
46
32
100
101
32
108
97
32
66
97
115
101
32
73
109
112
111
110
105
98
108
101
124
77
111
110
116
111
32
84
111
116
97
108
32
100
101
108
32
73
71
86
124
68
115
99
116
111
46
32
100
101
108
32
73
71
86
124
73
109
112
111
114
116
101
32
116
111
116
97
108
32
100
101
32
108
97
32
111
112
101
114
97
99
105
195
179
110
32
101
120
111
110
101
114
97
100
97
124
73
109
112
111
114
116
101
32
116
111
116
97
108
32
100
101
32
108
97
32
111
112
101
114
97
99
105
195
179
110
32
105
110
97
102
101
99
116
97
124
73
83
67
124
66
97
115
101
32
105
109
112
111
110
105
98
108
101
32
100
101
32
108
97
32
111
112
101
114
97
99
105
195
179
110
32
103
114
97
118
97
100
97
32
99
111
110
32
101
108
32
73
109
112
117
101
115
116
111
32
97
32
108
97
115
32
86
101
110
116
97
115
32
100
101
108
32
65
114
114
111
122
32
80
105
108
97
100
111
124
73
109
112
117
101
115
116
111
32
97
32
108
97
115
32
86
101
110
116
97
115
32
100
101
108
32
65
114
114
111
122
32
80
105
108
97
100
111
124
73
67
66
80
69
82
124
79
116
114
111
115
32
84
114
105
98
47
32
67
97
114
103
111
115
124
84
111
116
97
108
32
67
80
10
48
49
45
70
97
99
116
117
114
97
124
50
124
48
124
50
49
48
48
48
46
48
48
48
124
48
124
51
55
56
48
46
48
48
48
124
48
124
48
124
48
124
48
46
48
48
48
124
48
124
48
124
48
46
48
48
48
124
48
46
48
48
48
124
50
52
55
56
48
46
48
48
10
84
79
84
65
76
32
124
50
124
48
46
48
48
124
50
49
48
48
48
46
48
48
124
48
46
48
48
124
51
55
56
48
46
48
48
124
48
46
48
48
124
48
46
48
48
124
48
46
48
48
124
48
46
48
48
124
48
46
48
48
124
48
46
48
48
124
48
46
48
48
124
48
46
48
48
124
50
52
55
56
48
46
48
48
