84
105
112
111
32
100
101
32
68
111
99
117
109
101
110
116
111
44
84
111
116
97
108
32
68
111
99
117
109
101
110
116
111
115
44
66
73
32
71
114
97
118
97
100
111
32
68
71
44
73
71
86
32
47
32
73
80
77
32
68
71
44
66
73
32
71
114
97
118
97
100
111
32
68
71
78
71
44
73
71
86
32
47
32
73
80
77
32
68
71
78
71
44
66
73
32
71
114
97
118
97
100
111
32
68
78
71
44
73
71
86
32
47
32
73
80
77
32
68
78
71
44
86
97
108
111
114
32
65
100
113
46
32
78
71
44
73
83
67
44
73
67
66
80
69
82
44
79
116
114
111
115
32
84
114
105
98
47
32
67
97
114
103
111
115
44
84
111
116
97
108
32
67
80
10
48
49
45
70
97
99
116
117
114
97
44
49
49
44
50
52
54
46
50
54
44
50
52
46
54
51
44
48
46
48
48
44
48
46
48
48
44
48
46
48
48
44
48
46
48
48
44
57
48
53
46
52
55
44
48
46
48
48
44
48
46
48
48
44
51
50
46
48
49
44
49
50
48
56
46
51
55
10
49
52
45
82
101
99
105
98
111
32
100
101
32
83
101
114
118
105
99
105
111
115
32
80
195
186
98
108
105
99
111
115
32
69
108
101
99
116
114
195
179
110
105
99
111
44
49
44
49
48
49
46
52
49
44
49
56
46
50
54
44
48
46
48
48
44
48
46
48
48
44
48
46
48
48
44
48
46
48
48
44
49
46
53
51
44
48
46
48
48
44
48
46
48
48
44
48
46
48
48
44
49
50
49
46
50
48
10
84
79
84
65
76
32
44
49
50
44
51
52
55
46
54
55
44
52
50
46
56
57
44
48
46
48
48
44
48
46
48
48
44
48
46
48
48
44
48
46
48
48
44
57
48
55
46
48
48
44
48
46
48
48
44
48
46
48
48
44
51
50
46
48
49
44
49
51
50
57
46
53
55
